150
1 2 3 4 5 6 7 8 9 10 11 12 13 14 15 16 17 18 19 20 21 22 23 24 25 26 27 28 29 30 31 32 33 34 35 36 37 38 39 40 41 42 43 44 45 46 47 48 49 50 51 52 53 54 55 56 57 58 59 60 61 62 63 64 65 66 67 68 69 70 71 72 73 74 75 76 77 78 79 80 81 82 83 84 85 86 87 88 89 90 91 92 93 94 95 96 97 98 99 100 101 102 103 104 105 106 107 108 109 110 111 112 113 114 115 116 117 118 119 120 121 122 123 124 125 126 127 128 129 130 131 132 133 134 135 136 137 138 139 140 141 142 143 144 145 146 147 148 149 150 
0 576.646 188.062 410.037 139.097 656.54 76.226 110.228 630.848 168.204 752.143 559.962 543.338 396.448 329.859 302.88 777.318 339.598 595.986 462.649 329.602 301.637 475.071 588.336 444.44 285.129 589.289 644.59 533.892 89.0319 571.134 463.054 270.258 40.1728 172.429 697.448 606.123 487.213 635.596 613.385 603.117 602.276 489.475 416.426 434.575 372.202 539.487 104.07 488.103 498.696 465.037 231.798 583.921 349.351 452.007 307.389 637.026 462.693 295.375 723.085 703.283 235.82 104.105 445.451 404.556 752.313 475.363 501.563 669.971 545.18 435.716 456.432 86.9228 575.264 310.419 59.0295 386.027 327.255 274.711 393.179 494.689 115.268 358.692 87.4832 391.679 521.947 21.0398 236.699 118.11 368.231 524.013 335.4 194.214 211.807 110.339 136.028 182.994 12.4814 619.486 175.729 575.847 601.16 24.6287 398.785 295.72 513.509 113.87 552.164 461.309 504.714 289.782 483.057 165.235 622.943 388.461 561.357 664.121 616.939 517.878 575.097 238.59 390.393 584.407 163.025 298.721 236.86 653.891 464.448 554.941 723.909 434.207 467.54 341.327 388.844 522.974 510.479 541.028 390.476 579.112 750.763 424.107 348.514 202.302 509.757 504.894 262.364 489.366 769.704 270.45 378.754 
576.646 0 591.148 666.206 488.824 81.9312 500.66 470.806 68.7703 524.981 325.28 220.486 633.061 422.453 428.003 403.659 433.613 311.345 45.8299 136.279 540.667 646.805 339.422 216.949 138.695 295.115 471.264 86.3535 54.4933 507.653 497.302 320.55 336.703 553.549 423.786 271.911 38.1426 327.102 338.931 155.04 365.533 63.4176 228.771 593.436 647.069 232.38 80.3477 560.432 439.478 143.267 174.343 392.411 176.257 268.725 159.844 269.424 365.893 139.854 428.372 412.827 281.634 599.032 534.901 541.864 224.985 425.272 274.84 715.423 264.639 111.661 624.311 454.339 590.686 598.494 289.554 602.174 370.162 451.144 457.051 434.087 82.0255 592.244 220.715 493.723 298.297 85.1914 590.393 505.443 470.813 218.001 707.363 271.919 396.453 502.096 560.401 469.029 412.267 564.228 77.792 462.073 316.009 120.563 555.388 692.644 349.639 650.958 529.371 89.5483 211.709 77.8063 365.522 540.375 535.19 101.093 614.918 281.829 443.749 219.164 720.507 80.9391 464.714 395.699 564.846 414.673 610.276 359.504 271.8 683.406 431.529 361.747 322.445 222.764 385.847 266.631 114.8 553.436 182.498 236.584 125.394 496.837 155.052 320.618 453.794 439.132 485.782 314.685 440.803 368.265 606.703 615.232 
188.062 591.148 0 222.192 297.678 661.948 191.412 183.538 629.793 68.3243 681.515 502.699 366.737 273.991 214.98 211.04 677.221 444.399 622.402 458.013 161.924 114.802 379.501 532.378 452.719 345.972 454.63 639.719 561.74 145.741 427.789 375.683 255.05 155.4 185.708 634.523 611.633 395.49 543.955 578.688 500.636 597.29 434.717 238.055 248.935 359.61 532.484 86.9623 357.053 556.914 438.819 199.123 541.185 324.865 508.481 342.689 537.322 511.838 190.579 620.208 638.111 47.9991 101.603 281.352 481.312 650.381 404.528 313.743 605.379 595.265 253.058 319.892 103.532 407.949 391.392 138.661 288.454 200.582 158.841 266.102 515.201 303.248 403.578 175.173 497.83 560.781 173.79 101.258 167.706 374.438 337.202 319.506 211.498 92.8141 294.664 149.026 298.017 188.655 651.636 326.219 487.358 650.287 199.658 211.35 245.98 331.927 289.065 595.234 419.143 513.42 231.679 321.671 59.0653 662.302 204.569 483.649 544.646 561.615 330.214 563.64 134.463 280.302 425.309 225.572 111.526 237.562 585.059 277.096 429.227 636.529 349.694 551.763 246.552 343.598 573.15 347.759 613.031 362.577 553.043 628.403 458.943 458.939 352.735 379.478 360.112 315.982 357.913 688.452 82.7804 194.309 
410.037 666.206 222.192 0 508.2 720.236 402.328 383.575 684.156 257.138 645.801 507.534 177.883 249.529 240.044 271.862 600.286 613.403 706.483 531.742 130.905 114.584 358.317 534.104 540.439 497.766 348.761 688.855 653.541 355.05 309.914 367.854 373.646 375.724 356.024 613.888 675.011 375.646 494.745 600.344 441.731 650.848 455.886 84.9925 43.7677 446.423 592.003 307.069 281.794 677.759 492.95 329.517 558.213 409.676 632.886 476.126 476.961 629.389 248.905 544.664 614.107 174.26 315.554 156.976 625.648 573.202 411.929 91.552 585.882 705.006 67.0258 246.819 325.498 239.071 549.914 360.073 297.753 217.223 229.369 237.384 605.494 524.993 532.805 382.825 663.188 663.318 395.961 211.022 364.546 475.706 117.01 414.508 372.661 232.929 514.658 338.445 489.931 409.965 738.866 531.503 451.973 754.393 420.195 39.9367 335.715 130.929 505.937 698.328 459.16 592.139 319.868 188.682 254.983 755.862 51.3465 464.409 451.747 559.901 108.112 614.106 243.846 273.895 273.667 407.376 111.611 376.272 562.404 56.1442 344.994 582.058 354.105 695.513 281.411 400.119 685.072 203.155 741.345 432.79 588.301 521.498 570.677 630.554 556.223 299.003 255.512 468.905 281.592 637.532 139.586 51.7251 
139.097 488.824 297.678 508.2 0 570.712 106.699 126.911 550.3 251.062 714.823 522.935 613.269 425.515 363.596 326.235 762.179 212.814 499.792 396.137 403.291 411.164 474.403 548.389 370.686 196.97 612.352 565.885 440.015 153.771 603.178 457.32 247.72 150.387 177.586 656.685 522.535 482.39 619.951 556.576 598.021 525.754 456.526 494.576 524.233 323.235 468.188 212.492 514.784 388.45 413.71 237.316 534.645 313.429 345.575 234.579 627.75 360.051 329.431 712.323 663.924 341.046 196.341 505.512 289.213 739.609 455.817 597.476 631.754 437.344 519.352 490.454 213.337 631.959 201.903 195.159 397.719 369.879 321.303 426.241 408.148 103.504 269.358 125.403 261.575 421.943 160.075 305.969 146.481 305.94 614.597 295.887 180.905 280.833 71.8184 174.304 78.4746 129.718 518.881 37.5082 561.381 491.62 115.56 505.123 291.119 592.307 41.3304 448.063 421.995 425.3 292.879 537.88 253.615 518.059 476.425 539.584 669.969 574.75 612.427 504.489 288.809 410.834 631.478 131.328 398.281 214.689 619.67 558.56 572.208 700.638 429.593 344.739 358.509 361.355 416.142 565.091 421.589 349.9 518.329 755.567 334.047 218.366 63.2943 534.092 542.343 186.355 516.286 739.83 373.046 468.197 
656.54 81.9312 661.948 720.236 570.712 0 580.399 549.656 36.6813 597.085 288.235 237.531 669.578 471.988 486.504 466.478 408.188 390.972 87.2224 204.01 598.788 710.271 376.487 223.757 214.048 376.512 490.459 39.5344 133.813 585.466 521.303 360.549 409.769 632.35 500.261 243.764 50.9311 361.821 338.424 148.535 375.131 69.4572 267.778 643.567 697.544 302.547 130.848 636.127 474.876 214.354 229.639 464.757 184.705 337.171 238.55 349.165 367.323 219.381 491.086 398.009 253.087 666.511 610.897 586.575 303.776 404.878 314.121 762.299 245.396 172.606 673.571 495.099 667.308 628.323 371.402 680.225 422.504 509.481 521.206 484.004 163.13 674.108 302.258 572.693 374.095 160.223 669.789 572.38 548.749 293.274 751.111 342.88 473.249 571.213 642.255 545.458 494.013 644.165 95.5478 543.99 329.73 154.645 635.646 749.137 417.23 692.407 611.21 151.36 261.128 152.533 432.549 580.02 607.382 119.521 668.941 298.47 445.973 215.05 765.842 106.261 532.314 446.569 591.033 493.999 672.828 434.834 259.149 732.511 454.844 339.606 368.245 292.526 444.308 326.728 183.268 589.871 238.207 301.114 139.193 486.301 236.792 399.256 535.521 470.867 519.993 395.258 476.027 333.958 671.583 670.279 
76.226 500.66 191.412 402.328 106.699 580.399 0 37.8298 554.622 145.496 680.897 488.071 515.174 344.505 279.034 246.648 711.702 276.722 520.674 386.652 302.346 304.502 412.257 516.011 368.217 210.714 536.5 568.372 458.472 47.2932 522.254 398.471 198.171 58.3763 103.419 625.356 529.944 423.149 569.256 538.564 539.811 526.077 418.003 393.078 419.931 297.277 463.39 107.919 436.118 426.431 390.371 166.222 510.014 276.065 379.094 231.297 572.586 388.884 243.957 658.577 631.482 234.352 89.8456 410.491 334.797 687.329 406.917 492.188 598.29 472.043 416.469 407.536 116.43 539.211 240.035 110.413 326.585 280.909 229.402 343.068 418.752 145.071 283.558 21.5333 330.148 447.376 90.1566 204.86 52.6767 292.208 510.413 261.381 121.52 179.193 123.088 78.7268 119.23 63.9682 544.703 135.139 509.516 528.198 57.4618 398.494 228.886 491.158 106.239 478.195 388.427 428.504 225.288 445.328 147.381 548.882 372.265 492.947 604.919 544.314 507.423 499.066 194.372 334.551 543.094 86.8351 291.916 163.961 582.983 453.489 499.485 655.864 369.673 400.284 283.304 317.647 449.714 472.833 471.609 316.842 503.787 691.569 348.665 287.897 161.982 456.928 458.11 186.844 437.499 700.167 266.417 363.676 
110.228 470.806 183.538 383.575 126.911 549.656 37.8298 0 522.89 127.583 643.642 450.968 487.048 309.193 244.403 210.646 673.873 266.377 492.826 353.3 276.386 292.247 374.636 479.067 336.372 186.568 500.523 536.221 430.484 42.9022 487.277 360.708 160.966 82.7443 65.6046 588.349 498.961 385.413 531.427 503.157 502.1 493.696 380.752 367.665 397.94 261.994 430.377 109.334 400.515 404.121 354.81 128.59 473.86 239.47 356.08 201.732 534.798 364.381 209.427 620.779 594.38 222.044 85.502 380.4 316.345 649.513 369.156 471.882 561.145 448.286 392.55 372.849 128.546 508.142 222.019 132.418 289.556 247.743 197.244 308.284 389.245 180.992 256.986 23.1543 320.211 421.276 120.757 179.073 19.5707 259.061 488.168 225.252 84.4203 154.032 156.884 47.4982 114.644 98.6187 517.956 147.932 471.686 504.527 94.191 383.178 191.069 465.423 136.171 453.091 351.678 397.289 187.659 414.055 131.894 523.443 350.107 455.198 567.654 507.493 486.542 465.759 163.356 298.271 510.281 56.9151 275.352 127.053 545.629 432.795 462.971 618.106 331.922 384.106 246.684 280.278 425.847 441.465 452.648 280.47 468.981 654.269 320.955 279.43 172.981 421.072 423.875 160.187 401.923 662.573 251.815 342.114 
630.848 68.7703 629.793 684.156 550.3 36.6813 554.622 522.89 0 565.598 268.016 201.753 632.99 435.66 451.248 432.139 383.771 379.066 93.2011 172.946 563.331 675.756 339.812 189.274 186.528 354.351 455.194 17.6044 123.209 557.62 485.517 323.881 379.229 605.38 471.522 219.312 30.6315 325.179 306.205 115.472 341.048 33.4683 231.149 607.179 661.16 271.245 97.3463 606.571 438.269 211.214 194.835 433.674 149.537 304.967 228.299 324.138 334.809 208.073 456.673 369.919 228.892 633.14 581.586 549.943 293.267 378.64 277.46 725.704 217.69 175.312 637.115 458.419 638.359 592.095 353.713 652.443 386.494 474.163 487.09 447.696 142.696 653.333 280.948 546.009 367.054 153.703 643.436 538.964 521.086 264.692 714.44 311.654 444.825 538.535 621.43 516.579 472.767 618.549 112.258 525.11 294.821 169.019 610.516 713.337 384.38 655.726 590.311 153.102 225.235 126.425 399.466 543.346 575.918 138.037 632.887 263.041 413.563 182.656 729.199 70.0569 499.179 410.379 555.093 467.897 638.138 405.505 229.51 696.028 419.045 313.658 331.774 290.667 409.121 292.217 181.701 553.267 244.65 267.855 102.842 457.235 216.821 388.82 518.211 434.415 483.448 371.243 439.425 312.792 637.455 634.341 
168.204 524.981 68.3243 257.138 251.062 597.085 145.496 127.583 565.598 0 632.468 448.398 375.994 240.448 175.497 160.64 638.269 379.788 555.341 393.097 161.87 165.734 335.773 478.049 386.338 278.345 430.418 576.099 494.377 98.4047 408.628 328.803 188.313 128.944 118.397 582.933 546.525 350.561 500.83 519.838 461.291 533.451 378.904 250.551 274.667 294.552 468.496 69.7922 329.781 488.591 376.947 132.588 483.745 260.885 440.163 274.365 497.209 443.543 144.773 582.005 587.18 96.4164 64.3421 277.334 413.691 611.994 352.697 346.708 554.038 527.032 272.282 295.377 103.984 407.125 324.75 136.987 243.466 167.26 116.909 234.961 448.161 277.533 335.254 125.701 432.829 492.836 160.822 69.3507 109.323 307.564 365.143 254.205 143.558 46.3794 262.499 86.0394 239.038 164.28 584.265 275.16 442.512 582.136 171.54 255.598 184.396 348.456 250.525 527.196 360.137 447.414 171.434 315.304 10.3364 594.546 227.139 435.091 513.196 507.399 361.928 500.524 83.79 240.631 417.38 161.722 147.848 169.431 534.779 307.993 399.885 592.614 301.272 484.305 198.99 283.902 504.895 342.642 544.869 299.869 492.299 598.871 390.885 394.956 300.519 352.051 341.351 248.264 330.882 642.79 124.427 218.355 
752.143 325.28 681.515 645.801 714.823 288.235 680.897 643.642 268.016 632.468 0 193.136 529.71 417.535 467.627 472.331 127.319 595.989 360.273 331.374 558.056 682.653 304.13 166.497 363.434 526.726 317.895 253.675 371.92 665.43 358.851 305.889 482.731 717.361 579.731 59.5134 292.71 287.276 151.287 178.273 205.084 261.878 262.897 560.813 609.877 391.652 281.722 692.761 364.01 462.917 302.183 521.984 184.459 405.919 463.429 483.381 172.399 442.836 491.16 141.533 51.2535 665.557 672.573 489.5 521.444 133.655 280.298 653.21 83.1402 436.894 583.434 399.845 728.573 469.453 549.182 753.432 393.211 485.047 522.682 428.244 364.056 809.556 468.709 665.368 600.44 404.87 758.214 580.274 634.035 411.06 630.483 422.027 559.379 591.64 779.042 618.319 638.022 741.327 379.901 700.264 197.858 437.008 737.83 683.195 458.419 568.602 749.265 414.827 293.992 333.09 467.12 464.046 642.074 405.391 600.091 197.889 228.467 140.434 650.214 254.217 550.095 404.268 424.585 599.759 644.423 517.002 98.4409 635.433 305.282 77.7589 332.01 540.259 435.253 363.409 437.835 460.174 507.775 366.545 218.111 227.518 422.227 610.288 702.283 347.393 394.379 529.981 364.21 46.2648 655.595 605.904 
559.962 220.486 502.699 507.534 522.935 237.531 488.071 450.968 201.753 448.398 193.136 0 435.395 260.121 295.719 291.697 251.796 421.6 265.991 157.794 399.436 521.248 149.743 29.6934 191.168 339.176 253.86 199.531 245.503 474.067 283.789 140.157 290.002 525.913 387.569 137.497 207.161 132.895 126.031 95.6151 145.202 173.569 70.7408 425.579 478.897 199.889 144.799 505.162 242.206 325.205 115.778 331.414 54.0171 212.784 309.88 294.439 149.665 291.429 313.19 213.816 143.415 493.138 483.806 361.69 357.702 234.666 100.062 537.268 110.243 316.718 453.443 267.576 540.593 391.304 367.602 563.78 221.639 316.25 345.424 272.127 216.916 616.648 288.661 472.9 435.687 274.584 566.713 402.707 441.891 222.783 522.478 228.959 366.601 410.572 586.282 427.251 446.909 548.974 296.356 509.96 95.5684 339.98 545.148 540.848 268.726 462.027 556.695 297.889 101.09 185.359 278.916 349.341 458.365 320.992 457.543 61.9085 225.248 59.0178 538.853 141.589 368.64 239.637 353.519 406.623 482.495 324.114 96.7423 511.045 217.322 183.001 158.845 393.257 257.931 171.227 308.813 356.308 383.721 173.611 99.6713 287.629 254.618 437.702 513.663 235.585 285.658 339.627 243.181 217.174 488.68 460.972 
543.338 633.061 366.737 177.883 613.269 669.578 515.174 487.048 632.99 375.994 529.71 435.395 0 228.036 265.527 306.904 459.239 665.992 677.628 511.359 214.155 280.985 294.235 456.1 530.246 545.595 212.221 633.203 635.152 470.637 170.951 312.514 416.223 504.742 439.95 510.955 631.74 308.011 381.927 530.74 328.299 601.721 404.943 128.682 134.87 449.624 553.171 440.26 194.762 681.959 462.333 391.704 489.399 418.572 643.696 511.592 357.717 634.635 293.767 408.071 508.682 321.497 440.258 111.737 654.504 433.591 358.462 134.44 486.165 697.71 118.83 179.958 466.997 68.0154 598.053 502.74 281.074 251.241 293.745 219.593 590.22 653.347 557.575 493.811 708.872 653.059 533.535 310.633 467.593 485.432 104.661 430.28 446.703 336.376 636.713 439.59 574.829 540.129 710.39 628.284 355.867 739.061 547.506 215.474 367.352 49.6411 621.292 685.874 422.812 568.772 355.468 94.9279 378.175 731.561 166.542 379.358 311.046 476.287 126.23 565.837 324.58 254.963 111.433 491.98 261.083 433.055 462.512 134.986 228.446 457.244 313.055 718.793 292.56 389.028 681.071 79.8134 747.829 425.483 530.569 366.341 576.673 684.489 649.305 199.859 149.81 521.287 193.582 511.458 289.128 177.324 
396.448 422.453 273.991 249.529 425.515 471.988 344.505 309.193 435.66 240.448 417.535 260.121 228.036 0 66.5965 99.3575 403.353 442.587 464.795 292.189 141.389 265.629 114.783 287.843 307.064 322.958 192.9 439.774 416.498 309.438 178.208 120.02 197.038 356.532 248.643 377.139 428.116 132.286 273.117 351.379 227.258 402.531 206.372 171.678 225.622 222.148 345.659 309.323 91.8443 456.067 248.113 188.531 309.441 190.537 416.45 285.96 264.156 408.246 101.254 346.266 378.987 250.786 296.76 122.7 426.651 376.444 162.657 293.035 348.137 475.134 202.106 65.236 344.336 220.392 374.358 376.227 54.2456 74.0054 123.86 12.1495 369.729 489.57 329.755 323.618 483.116 431.185 394.402 175.717 291.941 257.553 286.734 202.484 245.734 194.391 466.056 266.284 371.849 389.029 497.589 431.98 219.801 519.89 391.56 281.285 146.644 234.109 443.845 465.115 211.882 351.861 138.329 134.206 248.099 516.623 198.689 223.856 272.912 315.006 298.657 365.728 159.178 27.6407 209.806 295.064 227.154 220.751 325.72 261.207 159.626 365.667 104.583 490.779 70.2399 163.749 457.307 156.811 521.801 199.803 338.814 358.425 349.775 461.249 448.88 113.311 117.43 301.258 93.1702 419.139 238.29 201.395 
329.859 428.003 214.98 240.044 363.596 486.504 279.034 244.403 451.248 175.497 467.627 295.719 265.527 66.5965 0 41.3995 463.945 401.262 467.262 292.536 112.704 227.242 164.563 324.961 300.395 280.914 259.448 457.786 413.564 243.039 243.245 161.991 151.127 289.936 186.017 422.666 439.384 180.749 329.046 380.252 286.927 417.782 232.588 177.084 227.339 206.779 356.361 243.657 158.3 440.108 257.011 129.489 339.896 170.479 396.723 249.733 323.292 391.663 35.08 407.325 425.644 198.586 230.393 153.834 397.089 437.412 195.699 301.954 393.44 465.486 208.623 128.516 278.987 271.552 333.696 310.306 74.9271 23.1417 58.6485 64.0477 365.48 424.067 301.094 257.959 445.788 423.432 327.866 114.146 226.677 237.587 303.352 177.121 186.534 130.105 401.226 200.507 314.696 322.497 499.453 372.588 272.436 514.399 325.193 264.715 103.879 259.804 379.909 458.384 227.019 352.851 90.5767 178.887 183.648 516.013 189.381 270.185 337.965 353.625 311.013 381.538 92.9982 65.7398 267.975 234.832 188.762 167.998 372.301 265.589 225.845 421.576 137.832 464.749 42.269 161.385 445.897 205.02 504.665 192.946 361.261 423.959 332.663 419.643 391.083 179.899 179.526 255.913 159.587 473.515 193.034 188.457 
302.88 403.659 211.04 271.862 326.235 466.478 246.648 210.646 432.139 160.64 472.331 291.697 306.904 99.3575 41.3995 0 479.497 360.284 441.023 267.389 141.339 243.845 176.037 321.366 271.599 240.036 289.907 440.014 385.157 214.378 277.456 168.187 110.209 263.664 149.303 423.958 417.974 190.278 340.676 370.112 303.091 398.826 224.325 214.816 263.178 175.997 335.644 224.713 189.975 405.919 237.407 89.8264 331.454 138.804 361.376 210.18 338.343 357.535 24.72 423.849 427.821 203.948 208.079 195.192 358.562 453.612 193.668 338.929 394.89 433.696 246.05 164.223 260.687 312.103 292.908 289.542 84.2477 58.5771 55.431 100.229 336.935 391.495 263.346 226.145 405.36 392.741 303.036 111.342 193.971 203.91 342.129 142.664 147.158 119.499 367.311 169.368 274.643 294.554 472.693 333.562 282.038 484.133 295.894 293.056 64.9284 300.314 344.651 427.899 212.132 327.031 50.2976 219.944 170.009 487.967 222.453 274.668 361.256 350.586 348.787 363.353 77.7765 88.038 306.734 196.154 206.759 126.698 375.052 301.673 253.105 432.157 140.671 427.006 39.0893 139.948 413.488 245.811 469.735 167.08 347.338 447.885 298.821 378.613 351.343 210.426 216.19 214.686 191.404 482.151 205.407 220.186 
777.318 433.613 677.221 600.286 762.179 408.188 711.702 673.873 383.771 638.269 127.319 251.796 459.239 403.353 463.945 479.497 0 673.376 472.889 408.407 534.776 656.917 303.58 235.521 441.839 587.587 252.479 371.271 474.47 688.42 293.07 314.287 517.559 739.668 608.297 164.61 405.038 290.375 142.705 278.976 177.045 371.646 308.799 516.933 560.18 444.843 376.449 704.138 328.376 562.717 367.281 546.204 268.646 449.031 555.256 542.006 141.164 535.582 493.501 57.3076 155.164 652.996 687.296 444.605 607.344 27.3557 306.798 590.732 169.059 543.284 534.275 366.979 740.064 393.435 618.794 768.901 395.38 476.68 522.339 411.839 457.482 849.449 540.342 693.749 685.978 506.74 780.033 577.692 661.216 471.941 563.603 466.881 592.327 593.781 820.645 641.29 689.154 767.668 495.827 753.312 202.269 550.712 766.477 639.629 482.86 503.714 792.599 521.902 346.13 425.334 487.637 411.803 646.93 521.705 560.131 222.731 149.497 220.592 584.75 355.941 554.519 398.226 348.348 637.734 620.611 552.069 165.448 579.669 257.929 72.4025 343.119 636.48 440.443 400.837 540.888 400.928 613.876 414.971 313.971 110.504 504.647 689.382 759.57 307.474 345.368 584.691 327.994 83.1853 636.799 567.696 
339.598 311.345 444.399 613.403 212.814 390.972 276.722 266.377 379.066 379.788 595.989 421.6 665.992 442.587 401.262 360.284 673.376 0 309.875 266.265 486.737 542.744 437.706 439.382 233.269 120.409 593.706 396.289 257.437 309.034 599.151 415.823 250.138 334.701 263.14 536.615 348.792 437.903 541.209 420.42 537.725 362.203 371.831 571.491 615.069 245.724 318.581 375.711 513.328 186.188 306.651 284.815 412.495 262.388 152.513 157.779 558.046 171.679 376.952 633.388 545.433 475.606 351.519 554.702 87.6661 655.878 392.84 692.007 517.44 235.717 601.645 503.506 391.996 662.761 68.229 386.317 395.359 418.172 387.558 448.948 240.995 310.608 134.439 282.64 53.8336 231.671 358.974 404.322 278.739 210.638 699.406 246.147 242.261 385.915 281.118 295.381 157.896 327.949 322.586 177.315 490.711 286.479 315.014 623.204 298.653 660.453 253.089 250.525 333.499 267.872 310.767 575.375 387.168 316.962 569.702 460.194 619.634 459.463 703.721 351.947 369.558 418.39 647.601 218.827 517.413 238.702 512.458 653.205 549.098 603.663 395.312 132.238 374.264 307.793 216.762 599.206 209.964 277.902 379.806 697.257 174.149 18.7001 159.332 526.46 553.377 146.285 514.977 630.468 499.628 564.554 
595.986 45.8299 622.402 706.483 499.792 87.2224 520.674 492.826 93.2011 555.341 360.273 265.991 677.628 464.795 467.262 441.023 472.889 309.875 0 174.773 579.655 682.891 384.42 261.446 170.92 311.35 517.092 109.424 62.3492 531.302 543.061 365.225 367.354 575.286 449.863 309.45 67.944 372.381 383.088 196.314 410.877 101.542 273.961 635.133 688.558 266.859 125.876 586.838 484.454 128.36 217.033 423.282 220.58 303.908 157.999 291.352 410.395 140.771 465.656 454.681 319.14 632.776 561.027 585.07 222.209 465.861 319.789 757.817 304.607 85.3921 666.199 498.512 615.769 643.856 298.085 625.062 411.923 490.368 493.412 476.282 107.202 603.207 237.308 515.397 289.127 78.7726 610.807 539.891 494.445 247.975 750.522 305.176 422.277 535.027 571.61 494.901 425.271 583.51 32.8616 470.708 361.552 77.8948 573.881 731.933 384.567 694.668 540.878 64.2417 255.379 114.412 400.698 584.572 565.429 55.2635 655.303 327.472 488.518 261.983 763.281 125.362 498.904 437.776 610.48 436.079 646.954 387.516 313.394 725.237 477.33 401.623 366.104 205.623 425.341 306.365 96.8968 598.108 152.381 274.586 169.609 539.783 172.038 316.695 459.93 484.483 530.824 333.833 485.798 404.479 642.084 655.243 
462.649 136.279 458.013 531.742 396.137 204.01 386.652 353.3 172.946 393.097 331.374 157.794 511.359 292.189 292.536 267.389 408.407 266.265 174.773 0 405.029 510.587 225.222 173.374 33.4419 200.624 373.909 184.607 124.422 386.328 392.556 203.746 206.283 435.151 299.438 271.86 153.626 216.936 282.058 161.569 289.439 141.744 124.461 461.236 514.419 98.5449 77.2998 433.788 322.775 180.042 53.2103 260.884 146.985 133.541 155.567 161.942 302.734 139.12 292.1 371.572 280.373 463.807 408.934 413.926 199.939 392.239 162.999 584.675 251.489 187.168 492.481 331.411 465.897 484.226 217.978 481.044 238.572 315.655 320.833 303.368 78.9454 496.615 137.468 376.448 277.937 142.22 474.048 369.924 350.134 94.4488 578.848 138.911 273.154 367.669 464.948 344.289 317.692 450.548 207.13 376.437 239.049 228.172 443.499 557.241 214.189 524.656 434.038 174.519 92.8177 60.3986 229.866 416.936 403.399 224.852 480.59 205.303 372.765 193.325 590.775 112.467 329.429 264.812 455.465 299.918 474 233.033 246.229 551.401 330.445 337.904 198.448 239.612 250.574 131.638 172.374 432.942 244.222 100.337 122.385 442.62 96.8494 281.618 375.183 326.801 369.082 210.439 324.26 364.447 470.673 480.475 
329.602 540.667 161.924 130.905 403.291 598.788 302.346 276.386 563.331 161.87 558.056 399.436 214.155 141.389 112.704 141.339 534.776 486.737 579.655 405.029 0 124.601 256.171 427.797 411.749 369.293 298.715 569.427 525.206 257.031 268.716 260.231 243.346 290.728 236.934 518.512 551.957 273.665 411.318 488.021 362.464 529.866 340.676 91.3192 128.466 316.836 468.895 227.372 206.879 547.018 369.509 201.923 446.742 279.822 502.004 345.836 399.404 498.684 118.054 477.5 520.28 124.432 226.178 119.63 495.361 507.477 300.106 205.379 489.523 574.987 117.829 168.273 256.223 247.868 421.889 291.753 179.566 89.5726 99.6257 130.138 477.023 439.205 402.026 281.201 535.352 533.784 320.619 97.579 256.815 345.236 215.599 283.969 249.674 123.163 422.981 229.012 373.297 326.098 611.729 421.563 360.204 625.08 333.354 152.364 204.837 189.079 408.583 568.896 338.452 465.269 188.965 159.777 164.375 627.865 83.3342 365.244 394.352 455.478 217.692 493.459 120.011 159.799 263.422 289.521 86.6289 248.237 467.059 166.472 278.95 503.164 240.969 564.979 154.949 274.076 554.825 186.077 610.474 305.109 471.48 475.089 440.074 504.31 444.394 228.573 201.791 341.058 207.409 557.518 102.561 79.5582 
301.637 646.805 114.802 114.584 411.164 710.271 304.502 292.247 675.756 165.734 682.653 521.248 280.985 265.629 227.242 243.845 656.917 542.744 682.891 510.587 124.601 0 380.299 550.039 512.224 434.981 414.648 683.22 625.195 257.809 380.716 383.279 324.055 270.124 279.606 642.693 661.812 397.723 535.698 607.43 486.301 642.381 459.73 158.859 149.887 416.098 579.46 201.763 328.563 634.307 480.923 271.457 566.847 378.985 586.963 422.551 523.15 587.08 219.197 599.775 644.613 70.3435 214.893 221.958 568.854 629.568 421.325 204.484 613.64 667.814 162.159 290.009 215.361 333.852 484.364 248.799 299.75 205.519 189.755 254.58 577.193 416.884 482.698 286.948 595.051 629.445 286.055 146.001 274.638 438.839 231.579 378.786 301.53 158.735 409.293 251.708 404.756 302.949 713.993 438.235 484.799 720.732 314.264 97.2203 298.525 238.776 403.799 664.599 453.39 569.641 282.303 261.651 160.428 727.824 115.382 489.309 513.737 578.141 221.565 606.637 186.699 282.356 360.709 326.584 38.7598 316.639 591.327 170.723 399.529 627.312 362.405 639.783 268.234 383.575 646.486 283.622 694.508 410.527 588.19 591.624 530.513 558.555 464.277 349.535 316.791 404.911 328.927 681.839 43.4474 104.772 
475.071 339.422 379.501 358.317 474.403 376.487 412.257 374.636 339.812 335.773 304.13 149.743 294.235 114.783 164.563 176.037 303.58 437.706 384.42 225.222 256.171 380.299 0 175.795 249.783 327.688 156.6 341.18 345.689 386.041 168.731 22.5013 226.927 436.859 309.25 262.396 337.556 17.5752 165.138 244.261 128.046 308.011 110.792 275.891 329.155 192.74 259.26 400.75 100.056 403.729 173.086 246.05 201.969 177.368 372.451 283.225 162.515 359.407 191.287 248.351 264.388 361.547 383.717 212.489 399.56 277.912 64.6381 388.471 233.367 411.947 303.716 119.099 436.721 260.246 372.146 465.322 92.3075 181.044 221.507 126.2 303.488 553.78 308.109 393.329 468.182 366.956 476.988 278.441 360.625 229.398 375.255 195.074 296.635 292.308 526.617 339.253 408.009 465.833 417.035 472.072 107.873 448.97 465.497 392.411 184.857 315.991 500.438 397.88 132.831 278.861 186.979 203.534 344.749 438.899 308.797 109.073 195.579 201.817 390.796 271.854 252.022 100.191 230.244 344.735 341.739 259.757 211.051 361.468 111.803 257.344 45.2154 454.172 137.072 129.952 397.595 214.439 468.806 161.293 238.34 281.316 305.905 456.061 483.482 101.656 146.406 314.86 101.385 308.957 351.716 312.742 
588.336 216.949 532.378 534.104 548.389 223.757 516.011 479.067 189.274 478.049 166.497 29.6934 456.1 287.843 324.961 321.366 235.521 439.382 261.446 173.374 427.797 550.039 175.795 0 206.719 361.956 267.225 184.701 247.935 502.81 299.708 167.851 318.164 554.605 416.034 109.402 198.827 158.548 122.139 76.3648 151.847 164.15 99.8929 451.531 504.555 225.176 146.775 534.579 264.759 331.827 137.115 360.467 40.9306 240.205 320.624 317.889 148.97 301.362 342.79 202.812 115.939 522.606 513.094 386.382 371.824 220.805 129.267 561.336 83.3749 318.938 478.888 292.051 569.958 409.315 387.827 592.899 250.66 345.3 375.017 299.768 224.435 643.159 308.015 501.141 450.497 278.583 595.372 432.337 470.333 245.725 545.496 255.926 394.653 440.265 612.583 456.108 471.783 577.256 290.325 534.347 106.178 337.475 573.203 567.93 298.012 484.56 582.774 299.05 127.871 192.295 308.39 372.17 488.024 315.624 484.436 77.0674 227.13 29.3509 562.361 136.138 398.333 268.051 370.016 433.87 511.28 352.076 73.481 536.04 233.64 164.559 187.709 402.91 287.45 199.951 313.039 377.676 387.663 200.314 91.854 282.068 269.197 454.94 537.143 256.419 306.886 363.958 265.629 193.693 517.831 488.13 
444.44 138.695 452.719 540.439 370.686 214.048 368.217 336.372 186.528 386.338 363.434 191.168 530.246 307.064 300.395 271.599 441.839 233.269 170.92 33.4419 411.749 512.224 249.783 206.719 0 173.903 401.497 200.166 113.56 371.519 418.234 227.736 198.034 418.906 286.263 303.945 163.138 242.983 315.07 191.062 320.978 158.044 154.392 473.093 525.578 96.1501 97.5646 422.438 345.106 154.051 82.755 253.803 179.369 133.378 124.951 138.85 335.304 110.081 296.058 404.898 312.601 461.947 397.074 429.657 166.682 425.667 189.735 597.489 284.201 168.086 504.591 350.803 453.32 506.387 186.96 466.318 252.865 323.278 323.042 317.72 65.3379 472.317 106.741 359.486 244.527 124.244 456.909 368.971 334.864 79.5053 593.456 134.3 259.205 364.4 440.498 331.484 292.264 432.171 201.769 349.252 270.905 214.282 424.358 564.071 213.75 540.942 409.438 158.643 119.979 61.7016 229.932 435.411 396.535 216.37 489.672 237.532 404.36 226.194 604.421 133.885 327.99 279.438 479.425 281.438 476.587 221.218 279.425 563.128 357.52 371.271 219.156 208.724 259.323 143.493 150.829 452.797 219.481 108.36 150.959 475.299 63.6564 248.422 346.613 350.708 391.01 186.91 346.64 397.22 471.235 488.84 
285.129 295.115 345.972 497.766 196.97 376.512 210.714 186.568 354.351 278.345 526.726 339.176 545.595 322.958 280.914 240.036 587.587 120.409 311.35 200.624 369.293 434.981 327.688 361.956 173.903 0 481.457 369.592 249.603 227.989 483.885 306.717 129.832 267.153 160.281 467.625 327.329 330.261 449.009 362.054 437.601 329.028 279.009 452.342 497.139 143.607 271.296 290.277 396.699 217.645 224.89 168.294 343.437 150.346 169.515 45.9541 462.062 178.275 257.287 542.449 475.482 371 264.419 434.293 135.355 567.433 290.707 573.99 444.472 261.863 482.813 384.793 314.291 543.328 52.9664 318.37 277.181 298.124 269.699 328.989 213.382 299.306 74.4996 207.963 166.239 236.829 300.74 292.024 192.314 116.402 580.27 132.653 134.927 276.296 267.412 200.624 118.746 272.648 334.363 175.814 394.048 318.098 262.672 510.145 178.285 540.321 236.288 267.494 241.458 228.662 190.382 455.228 287.018 338.168 452.574 366.902 516.954 386.385 585.239 307.577 254.828 299.367 529.59 130.173 406.661 121.505 435.01 535.477 437.379 521.44 283.595 205.997 254.145 199.002 239.451 479.305 268.636 175.084 322.993 598.312 140.391 138.896 175.62 411.077 435.336 30.1759 398.343 555.573 391.535 447.978 
589.289 471.264 454.63 348.761 612.352 490.459 536.5 500.523 455.194 430.418 317.895 253.86 212.221 192.9 259.448 289.907 252.479 593.706 517.092 373.909 298.715 414.648 156.6 267.225 401.497 481.457 0 451.713 487.484 502.304 41.4632 178.943 370.464 549.321 438.051 303.14 460.806 159.505 173.101 343.521 121.859 427.424 250.502 266.719 307.999 349.286 392.034 500.017 101.204 553.948 320.7 375.705 305.768 331.965 525.854 437.944 146.959 511.571 294.139 198.403 299.903 422.436 488.852 195.329 555.735 225.759 211.791 339.911 280.473 556.783 282.296 135.41 534.285 152.04 527.525 567.204 214.843 263.493 315.484 196.342 449.489 681.402 464.708 515.848 624.782 512.239 586.856 362.829 483.831 385.998 314.678 349.091 431.458 384.039 656.999 458.715 552.144 581.928 548.435 614.843 161.074 587.856 584.397 388.394 322.702 253.495 633.572 540.567 281.658 421.71 319.557 160.099 437.263 572.354 311.018 192.185 103.169 281.417 335.173 394.722 351.343 202.418 108.018 481.025 380.757 400.15 257.497 327.302 44.8038 245.04 198.464 608.6 254.537 286.017 544.608 148.512 617.816 317.892 353.531 177.009 460.218 612.146 628.952 79.6637 97.8725 466.24 99.9707 299.443 400.791 319.33 
644.59 86.3535 639.719 688.855 565.885 39.5344 568.372 536.221 17.6044 576.099 253.675 199.531 633.203 439.774 457.786 440.014 371.271 396.289 109.424 184.607 569.427 683.22 341.18 184.701 200.166 369.592 451.713 0 140.762 570.399 483.062 326.106 390.605 618.562 483.893 206.66 48.211 326.053 298.892 109.13 335.818 42.8676 234.068 610.953 664.923 282.305 107.764 618.363 438.724 228.776 202.676 444.596 146.187 315.228 245.754 338.436 327.789 225.473 464.426 359.42 216.133 641.944 593.541 552.414 310.66 367.062 279.896 728.403 206.836 192.417 640.595 460.149 650.492 590.763 370.077 665.201 391.594 480.573 495.18 451.865 158.959 668.774 296.55 559.363 384.615 171.307 656.884 547.784 533.985 277.491 716.341 322.669 457.396 548.067 636.869 528.831 488.167 632.33 126.268 541.094 290.81 184.028 624.502 718.684 393.92 657.135 605.743 170.256 230.976 141.096 408.762 544.536 586.431 151.717 637.675 259.978 406.44 175.52 731.491 76.6682 508.314 414.962 552.976 481.573 645.387 417.611 219.989 699.365 416.648 301.881 335.452 308.213 415.818 300.109 199.171 553.628 261.406 277.246 102.86 447.405 232.906 406.176 534.543 433.981 483.452 385.849 439.832 298.852 645.421 639.413 
533.892 54.4933 561.74 653.541 440.015 133.813 458.472 430.484 123.209 494.377 371.92 245.503 635.152 416.498 413.564 385.157 474.47 257.437 62.3492 124.422 525.206 625.195 345.689 247.935 113.56 249.603 487.484 140.762 0 468.971 509.927 325.076 306.869 512.962 387.816 316.322 92.5819 335.529 369.38 196.253 389.694 113.254 238.111 584.799 637.693 209.486 101.283 524.77 444.783 91.4323 173.179 362.745 209.054 246.772 105.474 229.01 394.694 85.7603 409.603 449.124 325.984 573.426 498.927 538.346 170.7 463.999 281.628 708.642 305.804 71.2371 616.163 455.216 553.522 605.859 239.073 562.713 362.719 436.525 436.356 427.592 48.2219 543.517 175.333 453.069 243.853 32.9668 548.587 481.164 432.119 187.782 703.207 246.504 360.209 475.333 511.795 432.792 364.625 521.42 89.8978 411.964 339.002 103.918 511.911 677.553 326.691 649.057 480.916 53.1193 213.247 66.8276 342.949 540.961 504.407 102.828 602.636 304.198 470.728 255.442 714.969 118.859 440.085 389.058 575.14 373.75 589.84 325.988 309.961 674.95 445.649 402.11 322.099 170.356 372.182 254.579 66.4656 556.365 140.024 220.798 160.729 530.002 109.808 266.344 402.498 447.178 491.251 271.631 446.219 413.405 583.873 602.012 
89.0319 507.653 145.741 355.05 153.771 585.466 47.2932 42.9022 557.62 98.4047 665.43 474.067 470.637 309.438 243.039 214.378 688.42 309.034 531.302 386.328 257.031 257.809 386.041 502.81 371.519 227.989 502.304 570.399 468.971 0 485.698 374.135 186.263 51.9375 88.0067 611.513 534.605 398.234 546.857 531.726 514.087 527.659 403.374 347.283 373.031 292.034 463.625 66.8787 401.272 445.627 383.559 143.732 500.497 266.063 397.403 239.983 548.039 405.066 208.184 634.089 617.075 187.536 44.6426 367.649 358.91 663.35 387.415 445 583.7 489.172 370.079 370.784 86.316 497.009 264.747 94.824 297.152 242.335 189.971 306.857 426.608 184.325 296.927 29.438 362.862 461.02 92.7937 160.01 36.8774 292.953 463.514 253.513 113.233 134.268 166.079 47.3386 155.466 80.1954 557.152 180.645 487.138 545.387 82.1628 351.352 207.668 445.373 152.302 493.329 376.791 432.934 201.085 403.534 100.089 563.412 325.44 473.272 575.456 531.681 460.297 498.46 154.075 302.185 502.898 97.8191 244.639 154.677 567.038 406.357 467.064 635.567 345.301 426.904 252.589 302.874 466.715 431.07 495.02 307.42 498.991 662.131 359.933 321.831 207.031 422.657 420.32 200.702 402.58 681.935 219.278 316.736 
571.134 497.302 427.789 309.914 603.178 521.303 522.254 487.277 485.517 408.628 358.851 283.789 170.951 178.208 243.245 277.456 293.07 599.151 543.061 392.556 268.716 380.716 168.731 299.708 418.234 483.885 41.4632 483.062 509.927 485.698 0 191.095 366.816 530.985 426.75 342.355 489.256 175.622 212.485 376.017 159.879 456.619 271.817 229.26 268.49 357.947 417.305 478.42 89.0034 571.952 339.673 365.873 336.887 336.827 541.181 441.872 187.246 528.041 278.324 239.545 339.489 393.119 469.029 159.309 566.82 266.543 229.605 298.565 318.846 577.98 243.111 114.919 511.835 112.522 531.934 545.591 209.71 243.879 296.429 179.198 469.836 667.304 473.461 501.203 633.091 533.116 567.372 339.907 469.815 395.144 273.215 353.061 422.695 362.426 644.16 443.751 546.673 564.442 574.93 608.16 194.494 611.792 567.824 349.719 317.47 212.058 622.049 562.762 299.738 443.448 312.292 121.931 414.807 598.25 274.104 223.193 143.573 316.002 293.72 422.809 332.556 192.868 70.4737 472.246 348.118 394.409 295.556 286.622 66.4722 286.418 205.784 622.742 244.978 293.747 564.62 108.027 636.703 327.684 383.025 212.41 474.572 617.76 623.782 72.8124 67.7661 466.452 87.4292 340.891 369.583 282.845 
463.054 320.55 375.683 367.854 457.32 360.549 398.471 360.708 323.881 328.803 305.889 140.157 312.514 120.02 161.991 168.187 314.287 415.823 365.225 203.746 260.231 383.279 22.5013 167.851 227.736 306.717 178.943 326.106 325.076 374.135 191.095 0 209.6 425.405 295.13 260.911 320.227 25.0768 173.307 232.596 141.646 291.601 93.0757 286.887 340.601 170.575 240.702 392.189 119.749 381.751 152.072 232.408 190.398 156.392 350.105 261.962 174.191 337.207 185.643 260.251 263.709 360.458 374.135 226.311 377.078 289.301 46.4762 402.342 231.694 390.728 315.639 134.77 428.205 280.845 350.548 455.786 87.3304 180.45 216.898 131.991 282.274 538.729 285.817 380.029 445.883 345.735 465.828 274.427 347.394 207.108 390.564 174.294 281.127 286.569 511.06 327.029 389.619 453.481 397.947 453.866 114.075 428.606 452.571 400.766 169.865 332.197 484.361 377.013 111.863 258.272 173.555 220.402 338.087 419.415 317.598 108.206 213.547 195.263 405.421 255.125 245.476 100.943 251.875 328.544 344.551 243.062 210.336 374.005 134.139 264.108 28.8611 431.723 130.039 108.29 376.071 232.9 446.945 138.982 223.582 298.395 283.488 434.135 464.6 123.133 166.235 294.692 121.168 314.021 352.751 320.872 
270.258 336.703 255.05 373.646 247.72 409.769 198.171 160.966 379.229 188.313 482.731 290.002 416.223 197.038 151.127 110.209 517.559 250.138 367.354 206.283 243.346 324.055 226.927 318.164 198.034 129.832 370.464 390.605 306.869 186.263 366.816 209.6 0 237.524 98.444 427.402 359.007 234.671 374.867 345.61 350.518 347.757 219.834 323.515 369.793 108.431 282.868 228.08 277.957 310.311 197.74 55.9272 314.314 79.8128 263.26 102.502 380.974 263.032 128.23 466.203 433.414 267.706 203.738 304.724 252.038 494.122 210.928 446.344 400.182 344.336 354.327 260.985 261.121 416.831 182.702 279.268 157.113 168.425 144.306 201.835 260.156 331.922 160.127 182.98 295.333 307.471 278.035 178.077 152.484 119.39 451.31 68.4011 76.6506 169.247 303.15 141.059 182.051 259.105 396.738 245.6 315.572 398.129 255.151 389.712 50.399 410.515 275.553 342.362 191.082 259.231 60.755 326.969 198.502 408.07 326.546 296.462 422.484 346.695 457.012 316.351 137.461 175.85 406.356 120.181 291.507 34.6496 384.828 408.288 328.421 459.235 181.96 321.906 126.954 119.554 322.766 351.753 371.327 121.17 313.648 507.889 206.956 268.517 258.574 294.94 312.726 105.181 279.562 502.414 281.347 322.803 
